0 0.047374 0.496463 0.037643 0.069899
0 0.935340 0.585353 0.017374 0.029406
0 0.946343 0.578845 0.014478 0.026031
0 0.949818 0.668991 0.012741 0.018318
0 0.180226 0.288621 0.024330 0.037825
0 0.036694 0.717511 0.033778 0.041300
0 0.025640 0.686104 0.018431 0.035706
0 0.059040 0.621194 0.027145 0.055235
0 0.480108 0.420717 0.025737 0.047197
0 0.460505 0.424395 0.015084 0.043184
0 0.492091 0.507780 0.024532 0.047870
0 0.499333 0.459081 0.031771 0.052220
0 0.496017 0.400163 0.021515 0.025437
0 0.486364 0.376222 0.020310 0.028453
0 0.485758 0.298565 0.032377 0.053229
0 0.498428 0.310280 0.021919 0.033139
0 0.539347 0.291530 0.022923 0.036491
0 0.592229 0.170017 0.016889 0.039159
0 0.549199 0.058885 0.024929 0.041177
0 0.474599 0.093195 0.026141 0.037489
0 0.409650 0.139389 0.022923 0.036827
0 0.634613 0.183279 0.038801 0.063150
0 0.559616 0.458526 0.023165 0.032298
0 0.651118 0.761009 0.023165 0.036637
0 0.166926 0.733599 0.048370 0.067332
0 0.211788 0.783716 0.027104 0.040953
0 0.233471 0.676816 0.034606 0.052063
0 0.164882 0.784411 0.032525 0.032635
0 0.168010 0.823632 0.025434 0.048587
0 0.331663 0.785454 0.022519 0.038868
0 0.320822 0.701435 0.030020 0.061031
0 0.071407 0.161923 0.033589 0.056401
0 0.465646 0.387489 0.022148 0.029126
0 0.023175 0.099198 0.024613 0.048599
0 0.026795 0.063845 0.020269 0.028520
0 0.261566 0.153346 0.023401 0.049406
0 0.739229 0.506732 0.012855 0.024294
0 0.718205 0.491519 0.011468 0.024877
0 0.772582 0.459126 0.014593 0.026031
0 0.759727 0.429916 0.012505 0.033554
0 0.722549 0.522758 0.013892 0.023722
0 0.691798 0.527096 0.014936 0.023139
0 0.757643 0.552550 0.013899 0.018509
0 0.706215 0.639311 0.020848 0.041648
0 0.831737 0.392825 0.010424 0.017354
0 0.805242 0.409378 0.021542 0.041065
0 0.256815 0.299098 0.025333 0.036827
0 0.229970 0.326043 0.026741 0.042511
0 0.452259 0.063767 0.048061 0.070628
