0 0.475923 0.406256 0.041003 0.098341
0 0.454195 0.514602 0.032148 0.035168
0 0.449909 0.706250 0.032532 0.057343
0 0.436131 0.745118 0.034067 0.052253
0 0.200993 0.824350 0.029394 0.051996
0 0.300121 0.834361 0.025832 0.036659
0 0.353074 0.868985 0.027939 0.040146
0 0.461774 0.546715 0.035360 0.051996
0 0.535478 0.447096 0.043778 0.091973
0 0.407993 0.651575 0.033010 0.079249
0 0.483475 0.492702 0.044902 0.069417
0 0.494771 0.554406 0.030660 0.062668
0 0.481818 0.733963 0.035906 0.066043
0 0.703178 0.905925 0.025818 0.057433
0 0.438926 0.665090 0.035212 0.043969
0 0.687761 0.851698 0.034040 0.042859
0 0.398855 0.740774 0.048997 0.088498
0 0.586663 0.406362 0.032424 0.071805
0 0.579559 0.465157 0.041960 0.061166
