0 0.467593 0.570336 0.048034 0.085964
0 0.415054 0.491867 0.065448 0.088957
0 0.521327 0.463885 0.057037 0.072971
0 0.519226 0.399411 0.045630 0.065975
0 0.411152 0.656996 0.057643 0.083969
0 0.428566 0.402607 0.051636 0.076962
0 0.466690 0.428599 0.051037 0.096951
0 0.403879 0.133240 0.071717 0.085381
0 0.360310 0.174888 0.041279 0.095090
0 0.662640 0.052926 0.061710 0.101345
0 0.107633 0.510364 0.047118 0.094406
0 0.677276 0.551115 0.104074 0.124944
0 0.616973 0.652405 0.069650 0.105953
0 0.499293 0.364025 0.039623 0.070964
0 0.786724 0.666474 0.105125 0.157433
0 0.328987 0.328627 0.120088 0.174092
0 0.465636 0.768481 0.053859 0.094294
