0 0.543976 0.386048 0.033354 0.057612
0 0.523337 0.423178 0.037946 0.044428
0 0.179350 0.452332 0.044613 0.070807
0 0.192276 0.392293 0.041279 0.053442
0 0.248980 0.415224 0.035441 0.057668
0 0.386003 0.384484 0.035616 0.069417
0 0.390101 0.832169 0.029185 0.034697
0 0.391835 0.870925 0.029879 0.049742
0 0.143980 0.624496 0.027798 0.051099
0 0.677266 0.825034 0.020754 0.038161
0 0.787798 0.727377 0.028754 0.038834
0 0.496128 0.327326 0.032094 0.060258
0 0.574091 0.247545 0.029192 0.046996
0 0.204165 0.617943 0.038512 0.070863
0 0.169788 0.640241 0.025340 0.044854
0 0.149370 0.580689 0.035024 0.044361
0 0.173098 0.572601 0.021616 0.039888
0 0.236286 0.589815 0.024801 0.051334
0 0.243323 0.629843 0.034848 0.042691
0 0.252832 0.687141 0.036195 0.049888
0 0.238936 0.664983 0.031973 0.034809
0 0.383448 0.781149 0.018747 0.050213
0 0.720869 0.802136 0.019300 0.036155
0 0.621030 0.808879 0.030114 0.049170
0 0.296525 0.496418 0.033684 0.060258
0 0.130754 0.483851 0.019434 0.028935
0 0.280923 0.681626 0.025131 0.057601
0 0.122852 0.777791 0.029919 0.055426
0 0.104030 0.803705 0.032330 0.036155
0 0.446027 0.514585 0.025481 0.046278
0 0.398253 0.563033 0.033003 0.052545
0 0.422572 0.698974 0.045172 0.062186
0 0.705495 0.447444 0.039380 0.053991
0 0.819545 0.380790 0.047508 0.061469
0 0.658512 0.047674 0.040310 0.060729
0 0.747451 0.444019 0.030983 0.084832
0 0.777562 0.485230 0.037926 0.057365
0 0.776983 0.432209 0.036189 0.057354
0 0.752808 0.411239 0.020269 0.026020
0 0.133936 0.448397 0.022525 0.040830
0 0.146404 0.470998 0.025333 0.033812
