0 0.394114 0.453526 0.055475 0.083957
0 0.324226 0.834361 0.075657 0.140336
0 0.337121 0.606222 0.056195 0.118744
0 0.076320 0.664114 0.047535 0.068722
0 0.027956 0.689103 0.033354 0.065942
0 0.044424 0.748453 0.036269 0.069417
0 0.139283 0.685286 0.045030 0.070796
0 0.167007 0.843548 0.026269 0.043038
0 0.352259 0.371469 0.067966 0.113834
0 0.356640 0.307948 0.047529 0.083991
0 0.392081 0.340577 0.037522 0.074271
0 0.416680 0.398189 0.047529 0.075661
0 0.076552 0.277612 0.035785 0.068834
0 0.110253 0.276738 0.028842 0.048587
0 0.775502 0.216351 0.040646 0.057276
0 0.790094 0.165734 0.035785 0.059002
0 0.823798 0.189451 0.039960 0.074036
0 0.845515 0.144041 0.057684 0.067679
0 0.908047 0.218374 0.049360 0.091390
0 0.746697 0.539243 0.038566 0.056693
0 0.834603 0.503089 0.040653 0.064204
0 0.836862 0.609238 0.043084 0.065942
0 0.883946 0.639311 0.046909 0.055527
0 0.676128 0.326659 0.039960 0.065942
0 0.492404 0.162169 0.041993 0.070527
0 0.442239 0.136850 0.048370 0.068027
0 0.410343 0.092074 0.039609 0.064552
0 0.315912 0.117410 0.050061 0.066637
0 0.302559 0.061883 0.038357 0.048587
0 0.920815 0.753593 0.060040 0.098576
0 0.158343 0.515701 0.036835 0.053217
0 0.180929 0.503554 0.026411 0.042803
0 0.859104 0.876385 0.050034 0.071491
0 0.882872 0.910415 0.040855 0.079798
