0 0.170869 0.182506 0.023421 0.034989
0 0.196384 0.125527 0.020418 0.030987
0 0.203589 0.105039 0.022815 0.031984
0 0.094316 0.179008 0.015609 0.021984
0 0.136643 0.253974 0.016209 0.023980
0 0.107525 0.209490 0.016815 0.022993
0 0.143249 0.214490 0.015010 0.020998
0 0.122835 0.205499 0.019811 0.022993
0 0.251623 0.167012 0.021616 0.033980
0 0.106300 0.410062 0.018350 0.026379
0 0.056475 0.457265 0.014593 0.020830
0 0.184269 0.484333 0.017508 0.027769
0 0.072529 0.455527 0.014175 0.021525
0 0.083785 0.453464 0.012512 0.016031
0 0.070599 0.546883 0.011582 0.016390
0 0.081313 0.545919 0.011582 0.013498
0 0.073653 0.597225 0.008923 0.016872
0 0.063370 0.600521 0.010135 0.016872
0 0.044552 0.604737 0.009172 0.015661
0 0.053721 0.605342 0.009165 0.015258
0 0.451182 0.540280 0.018418 0.025448
0 0.441886 0.699837 0.015636 0.026020
0 0.386441 0.672365 0.018242 0.023139
0 0.352128 0.638862 0.016215 0.020729
0 0.378912 0.594271 0.015926 0.021211
0 0.268882 0.643823 0.014478 0.019283
0 0.388290 0.636502 0.018532 0.025067
0 0.217960 0.798918 0.017010 0.024159
0 0.270909 0.757831 0.014478 0.025549
0 0.277498 0.703128 0.018013 0.024148
0 0.329835 0.763604 0.014512 0.019989
0 0.678737 0.412926 0.014768 0.021211
0 0.607505 0.427831 0.018418 0.029496
0 0.604276 0.386474 0.015636 0.021984
0 0.499074 0.249030 0.011293 0.019765
0 0.511091 0.247584 0.016215 0.020729
0 0.488071 0.189013 0.013030 0.024103
0 0.460044 0.118879 0.015980 0.022556
0 0.511987 0.121659 0.011811 0.015045
0 0.515290 0.107197 0.011468 0.016188
0 0.523279 0.139299 0.012162 0.016783
0 0.426340 0.051665 0.018418 0.021984
0 0.431552 0.034311 0.018418 0.025460
0 0.630505 0.648044 0.012067 0.018083
0 0.645347 0.640807 0.014236 0.018879
0 0.635684 0.627567 0.017118 0.021278
0 0.638333 0.556441 0.015428 0.016693
0 0.685448 0.449557 0.017091 0.026379
0 0.705249 0.438453 0.015010 0.022220
0 0.730714 0.562169 0.015057 0.022657
0 0.325125 0.392713 0.014249 0.026009
0 0.317653 0.367265 0.016680 0.022556
0 0.320616 0.344709 0.018431 0.024865
0 0.330165 0.324462 0.018067 0.026031
0 0.345973 0.460947 0.015636 0.029451
0 0.851313 0.764865 0.012162 0.018318
0 0.834094 0.753274 0.010734 0.019238
0 0.842771 0.739557 0.009556 0.017836
0 0.847983 0.749922 0.010714 0.015426
0 0.849576 0.727024 0.010424 0.015908
