0 0.130448 0.739176 0.017946 0.025549
0 0.239774 0.502298 0.032519 0.049148
0 0.217010 0.450241 0.021010 0.029989
0 0.250030 0.392763 0.025017 0.039989
0 0.259539 0.466900 0.023010 0.034989
0 0.344596 0.394013 0.018013 0.027489
0 0.306071 0.524787 0.033017 0.039148
0 0.293562 0.476474 0.016013 0.029159
0 0.337593 0.630157 0.022013 0.031659
0 0.343848 0.599339 0.021515 0.034978
0 0.349599 0.565185 0.024020 0.031648
0 0.171731 0.455656 0.026519 0.035818
0 0.315579 0.610589 0.022013 0.035818
0 0.333091 0.538117 0.023017 0.035807
0 0.335081 0.677635 0.018997 0.038318
0 0.124047 0.221962 0.015636 0.030650
0 0.139687 0.245095 0.021892 0.032971
0 0.098963 0.224238 0.026680 0.035404
0 0.083327 0.263111 0.013764 0.038173
0 0.096249 0.265886 0.019596 0.034013
0 0.190067 0.220426 0.022936 0.033318
0 0.297431 0.585981 0.021192 0.027769
0 0.384825 0.581099 0.019508 0.033318
0 0.424165 0.584916 0.020559 0.029406
0 0.420111 0.553823 0.013609 0.018318
0 0.048795 0.699888 0.021428 0.031816
0 0.032145 0.728571 0.017663 0.027478
0 0.027946 0.705673 0.019111 0.024103
0 0.054586 0.670706 0.012741 0.027511
0 0.067471 0.670964 0.013030 0.023139
0 0.013178 0.609260 0.013320 0.021211
0 0.021865 0.626132 0.013899 0.021211
0 0.007892 0.652164 0.015785 0.025067
0 0.153320 0.727848 0.016215 0.029888
0 0.116360 0.698055 0.027751 0.044182
0 0.138401 0.627747 0.017717 0.031816
0 0.127279 0.651172 0.019111 0.035863
0 0.115990 0.579445 0.025017 0.035863
0 0.267077 0.779137 0.021684 0.028453
0 0.257906 0.838828 0.018343 0.027074
0 0.269579 0.866598 0.015010 0.024294
0 0.289175 0.864860 0.014175 0.022209
0 0.238710 0.776295 0.021542 0.035863
0 0.166987 0.846620 0.018242 0.028442
0 0.348478 0.722108 0.017953 0.026031
0 0.346162 0.751513 0.022007 0.039529
0 0.397414 0.716082 0.016795 0.025549
0 0.290859 0.639675 0.016209 0.023139
0 0.616859 0.771990 0.038364 0.039563
0 0.674397 0.779271 0.029185 0.036099
0 0.696290 0.829602 0.018761 0.029854
0 0.720054 0.794198 0.038774 0.046513
0 0.633744 0.822657 0.024606 0.036794
0 0.726519 0.880617 0.021684 0.033318
0 0.652300 0.844871 0.023347 0.025684
0 0.645209 0.869512 0.026687 0.027769
0 0.671896 0.698408 0.018350 0.034013
0 0.792273 0.419989 0.026687 0.035404
0 0.782471 0.453997 0.016256 0.027074
0 0.819374 0.439075 0.018343 0.023599
0 0.811865 0.461289 0.018343 0.023610
0 0.821040 0.488711 0.021677 0.036794
0 0.577081 0.179742 0.020424 0.031928
0 0.608354 0.198139 0.017933 0.029843
0 0.622946 0.182870 0.026269 0.029843
0 0.529566 0.090925 0.029542 0.045572
0 0.731303 0.140101 0.019455 0.033587
0 0.771293 0.084327 0.018734 0.034776
