0 0.587630 0.467674 0.017508 0.021513
0 0.623697 0.474966 0.019596 0.031928
0 0.579293 0.501345 0.021684 0.031928
0 0.504239 0.593660 0.025017 0.030549
0 0.710212 0.459344 0.016680 0.022904
0 0.722512 0.440605 0.019596 0.031233
0 0.699582 0.404507 0.022936 0.031233
0 0.557818 0.439905 0.018761 0.025684
0 0.775259 0.497870 0.018343 0.026368
0 0.161505 0.480241 0.027522 0.025684
0 0.176101 0.465942 0.020848 0.022220
0 0.188815 0.454837 0.021266 0.023599
0 0.154798 0.265516 0.021192 0.031233
0 0.147017 0.287382 0.023973 0.030661
0 0.122034 0.230521 0.024323 0.026603
0 0.129677 0.213167 0.022936 0.024294
0 0.118212 0.247876 0.019455 0.019675
0 0.210636 0.229944 0.022929 0.031233
0 0.339404 0.463845 0.015374 0.023655
0 0.295694 0.398851 0.015980 0.027186
0 0.272865 0.390465 0.020155 0.022567
0 0.709835 0.650959 0.015926 0.019271
0 0.749071 0.627825 0.016215 0.022175
0 0.735606 0.602517 0.015926 0.016872
0 0.736465 0.582993 0.020000 0.023139
0 0.710414 0.581065 0.017084 0.023139
0 0.760007 0.578145 0.015448 0.017276
0 0.761239 0.600163 0.016889 0.020886
0 0.750377 0.589714 0.009172 0.015258
0 0.799818 0.670538 0.017859 0.023700
0 0.752455 0.694238 0.017367 0.023296
0 0.722579 0.615196 0.016215 0.021693
0 0.704192 0.601698 0.017663 0.023621
0 0.685515 0.689423 0.017953 0.025549
0 0.674828 0.561115 0.011340 0.020482
0 0.653636 0.594753 0.010855 0.018744
0 0.782229 0.702354 0.020027 0.027309
0 0.775717 0.670420 0.020027 0.021289
0 0.713721 0.267836 0.018067 0.020247
0 0.729707 0.251637 0.022242 0.023722
0 0.764919 0.117685 0.017933 0.024989
0 0.697582 0.153089 0.020848 0.026379
0 0.694953 0.556525 0.024599 0.031928
0 0.762374 0.512999 0.017515 0.025684
0 0.637916 0.538341 0.016263 0.018049
0 0.633535 0.558122 0.020848 0.020123
0 0.618943 0.542158 0.022519 0.025684
0 0.795189 0.385000 0.017098 0.019439
0 0.630441 0.219585 0.025017 0.027489
0 0.647455 0.228335 0.016013 0.024989
0 0.939505 0.847063 0.024020 0.027489
0 0.925242 0.796250 0.021515 0.025818
0 0.903980 0.790006 0.023017 0.023330
0 0.941007 0.927197 0.028020 0.026659
0 0.583461 0.324126 0.020013 0.027063
0 0.648367 0.340717 0.026404 0.038184
0 0.379121 0.837651 0.028519 0.031648
