0 0.335842 0.501295 0.036020 0.057478
0 0.348347 0.545863 0.045030 0.048318
0 0.354936 0.596396 0.034397 0.055527
0 0.281421 0.820734 0.019111 0.035191
0 0.244727 0.921799 0.020997 0.035348
0 0.200380 0.874720 0.018579 0.028587
0 0.170522 0.602276 0.019980 0.038565
0 0.072929 0.483750 0.022923 0.026110
0 0.069502 0.526328 0.021710 0.022904
0 0.040909 0.535364 0.016162 0.024899
0 0.044168 0.514075 0.017374 0.018487
0 0.048266 0.493789 0.015926 0.022085
0 0.033670 0.599036 0.016162 0.018072
0 0.024987 0.548621 0.015684 0.028117
0 0.015939 0.384333 0.016660 0.025056
0 0.024492 0.396508 0.014074 0.020751
0 0.018458 0.413587 0.014074 0.018744
0 0.013229 0.455095 0.012869 0.022096
0 0.018057 0.436009 0.012465 0.020090
0 0.071273 0.352556 0.015582 0.023991
0 0.270593 0.122618 0.022438 0.038957
0 0.355717 0.074243 0.016795 0.021200
0 0.240943 0.045050 0.011731 0.019765
0 0.244155 0.029013 0.017037 0.025336
0 0.259276 0.016973 0.013906 0.023430
0 0.428852 0.229865 0.015845 0.032623
0 0.309394 0.189899 0.025333 0.042848
0 0.213603 0.192517 0.028956 0.050213
0 0.178613 0.162719 0.022923 0.039496
0 0.322182 0.026911 0.020512 0.030796
0 0.859239 0.193330 0.051421 0.083879
0 0.920912 0.194776 0.049690 0.080987
0 0.811290 0.156015 0.047953 0.078666
0 0.847424 0.111188 0.033354 0.060740
0 0.585963 0.766457 0.016195 0.026031
0 0.524296 0.759467 0.015057 0.020729
0 0.529653 0.740185 0.014189 0.019765
0 0.530956 0.695835 0.011003 0.027478
0 0.586256 0.704753 0.011582 0.018318
0 0.571923 0.802612 0.010714 0.018318
0 0.594798 0.816351 0.012451 0.017836
0 0.616973 0.722831 0.012788 0.019765
0 0.522404 0.844327 0.012431 0.017803
0 0.580091 0.786413 0.014242 0.017937
0 0.583215 0.810370 0.013030 0.018789
0 0.539263 0.677085 0.016680 0.022556
0 0.600657 0.648038 0.013030 0.019283
0 0.585939 0.619322 0.014963 0.021289
0 0.579663 0.639204 0.014478 0.024103
0 0.290572 0.654669 0.025333 0.040975
0 0.224226 0.909753 0.020505 0.031839
0 0.293007 0.770392 0.027751 0.034484
0 0.267987 0.752528 0.027798 0.036155
0 0.534010 0.579781 0.041690 0.058307
0 0.711633 0.901166 0.015010 0.018049
0 0.706630 0.830364 0.013340 0.018038
0 0.684529 0.821340 0.011670 0.015280
0 0.688906 0.778302 0.012923 0.019428
0 0.698290 0.787326 0.010842 0.015280
0 0.694744 0.867848 0.012088 0.020830
0 0.706421 0.877567 0.014593 0.015269
0 0.705377 0.853274 0.014175 0.019439
0 0.785222 0.897349 0.012088 0.021513
0 0.758953 0.911300 0.013758 0.022220
0 0.770838 0.893604 0.015845 0.024294
0 0.664791 0.940163 0.015684 0.020886
0 0.676377 0.946183 0.011340 0.016872
0 0.622444 0.957433 0.014963 0.020090
0 0.720562 0.948442 0.009892 0.014507
0 0.730953 0.957091 0.011899 0.018980
0 0.710091 0.941328 0.013071 0.019249
0 0.693835 0.953879 0.014741 0.015897
0 0.686293 0.944114 0.010391 0.017018
0 0.863010 0.884058 0.028485 0.038498
0 0.898502 0.570504 0.019670 0.024776
0 0.892657 0.594182 0.025515 0.028767
0 0.860758 0.555684 0.018606 0.019910
