0 0.850094 0.575774 0.056027 0.093274
0 0.773626 0.604826 0.065677 0.108576
0 0.561710 0.519496 0.076054 0.107354
0 0.636391 0.554361 0.075502 0.107354
0 0.433572 0.561244 0.068896 0.152309
0 0.446249 0.422696 0.064485 0.111939
0 0.254869 0.392265 0.045468 0.066525
0 0.773128 0.271513 0.046296 0.093587
0 0.589236 0.291878 0.048869 0.110101
0 0.545620 0.320504 0.047616 0.081480
0 0.608118 0.135146 0.042983 0.091278
0 0.557717 0.167321 0.049603 0.073408
0 0.513397 0.145146 0.050983 0.091749
0 0.413502 0.077859 0.048687 0.084103
0 0.359953 0.754994 0.073024 0.073397
0 0.441013 0.730146 0.061542 0.097108
0 0.421263 0.686967 0.049596 0.085594
0 0.187428 0.857965 0.039421 0.057343
0 0.120556 0.856878 0.038593 0.059473
0 0.066273 0.764490 0.029502 0.049114
0 0.039502 0.633201 0.032242 0.045482
0 0.755064 0.938918 0.020094 0.040348
0 0.742781 0.913430 0.019138 0.035045
0 0.730657 0.887410 0.019764 0.036099
0 0.722912 0.866760 0.019522 0.030583
0 0.712660 0.841267 0.017643 0.033139
0 0.734034 0.963167 0.019879 0.029204
0 0.723431 0.938845 0.020478 0.028363
0 0.715455 0.924221 0.024714 0.029204
0 0.702694 0.900774 0.024189 0.025673
0 0.279424 0.893845 0.070242 0.097108
0 0.288128 0.146368 0.028700 0.041413
0 0.264401 0.179182 0.027939 0.038229
