0 0.328673 0.480045 0.051434 0.081054
0 0.338788 0.413139 0.025724 0.038991
0 0.257303 0.189109 0.046848 0.072635
0 0.111754 0.149546 0.034108 0.051626
0 0.064492 0.185202 0.036768 0.054574
0 0.143677 0.072309 0.031892 0.073812
0 0.282286 0.101642 0.048680 0.071872
0 0.222121 0.124580 0.046842 0.077993
0 0.243960 0.034288 0.049751 0.067545
0 0.293333 0.016188 0.050519 0.032377
0 0.508263 0.649053 0.023596 0.039294
0 0.477007 0.668700 0.023603 0.044596
0 0.581232 0.668784 0.025778 0.044697
0 0.598640 0.639137 0.031367 0.041143
0 0.241370 0.658296 0.024882 0.055224
0 0.265354 0.654467 0.024875 0.052567
0 0.265354 0.704355 0.033172 0.060056
0 0.290232 0.654204 0.021690 0.040359
0 0.291030 0.618632 0.023919 0.037175
0 0.264077 0.600577 0.028707 0.050975
0 0.224515 0.719608 0.024141 0.038722
0 0.211485 0.559933 0.033461 0.058857
0 0.260882 0.544888 0.030034 0.051771
0 0.238684 0.595863 0.028438 0.030516
0 0.243468 0.564221 0.027906 0.037164
0 0.342865 0.562696 0.032155 0.061939
0 0.339061 0.654047 0.053582 0.115224
0 0.734808 0.366368 0.036364 0.063184
0 0.740515 0.428643 0.039549 0.056816
0 0.235057 0.327719 0.026613 0.036289
0 0.231882 0.366216 0.027643 0.038935
0 0.252613 0.292321 0.020202 0.033632
0 0.487340 0.121788 0.028391 0.039316
0 0.027249 0.579826 0.042256 0.064226
0 0.189310 0.417466 0.024801 0.046794
0 0.851973 0.465207 0.038276 0.066267
0 0.905549 0.470964 0.044391 0.065022
0 0.915889 0.439086 0.060478 0.075191
0 0.771788 0.472853 0.034067 0.066267
